10025010
10042510
10052010
10052064
10081260
10102252
10124352
10124757
10127475
10128235
10129900
10133788
10134985
10149750
10165680
10165815
10166350
10173820
10185934
10192248
10195794
10205100
10205370
10217493
10219680
10229845
10233054
10237864
10245550
10245820
10248925
10250460
10254100
10255000
10257790
10269504
10269598
10291779
10293966
10294200
10294695
10311966
10323225
10349527
10371649
10391746
10396800
10402600
10417167
10423530
10429753
10434226
10437678
10461784
10462090
10467792
10471162
10471293
10502100
10507500
10511694
10518678
10522350
10524208
10525000
10526400
10558368
10571080
10572300
10591398
10592482
10604277
10619145
10642540
10656432
10657480
10665720
10671417
10671660
10687513
10696824
10699744
10716300
10723185
10731609
10732306
10732900
10734192
10742868
10767568
10772190
10792390
10796674
10801350
10821600
10832850
10835370
10851939
10886400
10905250
10932754
10935436
10958157
10965595
11053714
11059164
11064280
11074657
11074905
11085304
11147836
11148520
11158735
11165728
11185762
11187360
11246800
11246890
11254945
11259000
11272356
11281648
11286193
11293744
11306857
11330865
11344860
11345229
11364138
11368026
11369533
11378169
11388762
11391250
11417805
11420923
11426800
11435985
11438266
11447428
11447860
11453481
11472628
11474788
11479230
11506770
11515383
11522250
11525490
11526844
11529216
11536875
11541816
11545218
11557323
11559960
11564280
11567205
11569900
11572596
11575435
11576268
11602926
11607250
11608272
11609950
11632896
11643088
11643282
11647800
11648952
11657835
11672590
11675668
11677140
11680767
11682468
11683512
11689744
11690532
11692228
11692800
11697835
11712757
11722657
11726820
11727625
11728615
11728786
11736652
11753874
11756250
11765596
11766892
11772540
11786350
11790166
11794684
11796160
11803482
11815650
11823997
11830315
11833645
11844054
11844832
11848000
11850394
11857500
11867467
11874550
11876602
11883613
11887524
11898535
11908215
11920468
11920657
11922484
11924703
11925540
11926134
11926728
11929918
11930170
11948310
11952292
11952360
11954619
11957512
11964582
11970256
11976178
11982348
12006000
12015396
12023550
12041964
12045982
12052048
12054060
12054820
12055950
12056850
12060027
12081960
12083575
12083706
12085650
12095568
12097147
12097350
12098646
12128935
12129754
12142597
12145693
12157600
12159720
12166942
12169480
12181500
12195760
12199752
12210588
12213585
12238776
12245395
12247686
12254620
12259345
12261582
12271545
12274515
12274600
12276400
12276544
12289644
12295480
12296740
12303837
12308436
12310938
12328960
12338046
12340368
12342555
12347680
12353800
12363840
12367260
12371904
12373690
12374712
12383059
12384000
12387735
12406770
12408385
12408430
12417588
12417993
12419775
12421066
12439129
12447184
12448800
12451927
12452080
12453012
12454200
12455118
12459640
12463960
12467052
12475606
12483576
12484057
12485115
12488760
12489471
12492864
12495280
12497800
12504960
12505000
12509640
12519846
12524008
12526290
12531834
12536320
12550018
12550050
12552813
12557290
12558100
12559095
12568270
12574845
12577617
12578449
12578764
12579214
12586392
12594712
12595000
12597930
12600297
12600324
12608743
12613990
12618850
12620790
12634560
12636040
12640095
12640860
12645360
12652024
12654513
12665475
12678250
12683385
12684924
12693420
12693928
12697740
12698334
12715762
12716586
12717396
12735895
12741700
12746515
12746650
12752640
12752860
12754075
12759250
12762000
12775945
12778155
12805240
12805384
12810735
12827650
12832524
12833590
12843000
12851586
12853840
12854488
12859150
12873294
12883486
12883540
12885147
12893760
12894547
12916750
12941037
12943548
12951400
12955000
12965035
12965175
12966480
12993525
13002462
13024480
13024557
13024872
13025650
13029565
13041180
13041909
13042849
13062460
13062780
13078260
13086540
13104954
13104994
13130685
13140292
13142038
13168575
13204125
13204750
13204930
13208670
13225518
13230369
13230945
13234864
13241250
13241974
13248540
13253764
13257760
13261500
13264150
13268772
13269258
13328406
13345074
13350897
13354420
13389345
13394160
13402885
13410270
13426897
13427500
13440429
13453600
13468972
13472725
13489960
13492917
13494793
13524160
13524570
13535248
13538245
13542880
13545000
13563760
13568215
13571869
13572648
13573980
13579240
13580379
13592007
13596871
13597623
13604350
13617850
13626571
13628875
13630783
13648824
13649827
13652482
13656820
13664043
13667584
13683978
13684320
13684482
13684671
13697320
13709245
13712913
13728519
13730710
13754790
13764397
13774797
13775688
13777816
13790295
13794480
13825647
13826164
13861426
13862655
13865872
13881780
13918621
13967820
13972504
13978575
13978705
13982400
13985257
13994275
13996372
13998735
14003500
14017945
14023948
14026950
14027328
14029438
14035126
14051979
14053014
14054395
14061370
14088672
14092780
14134450
14134500
14145799
14147995
14157265
14174370
14179333
14186790
14192982
14220661
14227564
14233180
14235403
14245632
14245798
14250915
14256081
14260279
14262250
14278990
14279832
14298295
14299029
14300271
14305086
14306427
14320737
14334718
14340690
14342017
14346072
14350275
14350360
14354158
14364720
14365260
14365935
14397718
14403235
14417923
14427009
14430496
14452879
14505835
14527300
14527975
14529528
14534500
14553270
14554975
14558940
14559700
14573916
14588280
14597968
14603323
14618695
14620720
14622525
14637550
14642208
14652000
14652495
14652900
14653728
14676228
14679432
14685129
14713650
14720368
14728648
14729004
14730664
14736640
14736780
14739340
14756350
14769634
14799555
14810845
14823463
14835717
14858712
14865412
14871645
14897520
14901439
14936400
14957860
14964304
14974596
14976913
14986732
15003000
15026008
15028335
15029896
15062346
15063264
15082600
15085620
15088324
15102670
15117214
15123960
15164919
15169576
15199780
15203650
15204672
15206080
15206715
15207660
15220471
15226897
15227100
15230965
15243390
15246000
15249780
15261696
15262870
15266272
15279453
15281856
15283462
15286077
15287062
15287233
15293250
15300540
15302659
15304302
15316938
15320277
15337287
15348762
15364728
15372630
15374236
15379875
15381810
15384330
15391246
15401628
15419380
15423430
15435000
15436296
15437160
15450228
15464722
15473340
15483897
15487380
15488973
15492928
15502662
15527700
15569982
15582280
15584260
15584310
15602400
15622240
15622713
15623460
15625984
15632478
15643575
15643926
15662362
15672762
15683980
15684273
15684840
15693426
15711696
15716916
15741396
15742350
15768270
15786495
15788416
15794860
15795000
15806272
15812680
15819300
15829146
15833844
15838650
15842344
15853900
15862032
15862063
15862450
15862635
15863040
15878200
15881580
15892195
15904350
15908350
15916275
15923596
15930432
15931201
15935278
15942388
15990768
16023546
16025625
16034485
16039944
16093728
16142620
16142656
16186977
16194829
16202236
16238848
16243380
16252600
16254760
16257136
16265088
16272000
16273755
16276320
16278570
16279371
16293960
16296898
16327080
16328754
16329942
16330752
16335450
16354219
16379500
16397212
16398144
16424550
16425364
16429531
16449538
16455334
16457350
16458390
16473555
16474360
16476628
16481092
16483792
16485322
16486245
16493535
16525840
16534804
16546621
16554825
16572024
16573414
16598344
16617172
16620390
16648920
16652322
16672216
16679520
16702492
16706326
16720578
16725280
16725465
16732728
16737520
16757280
16776720
16789540
16794580
16794855
16798144
16805628
16820005
16820320
16825338
16826080
16833460
16845723
16879500
16897482
16918308
16918650
16943188
16947328
16952638
16958704
16963713
16970395
16983270
16987500
16993872
17026240
17033233
17036424
17068288
17136297
17136490
17138295
17146984
17159800
17169750
17176990
17179123
17189464
17203743
17204359
17221765
17224600
17230360
17236980
17239270
17263381
17265262
17265276
17278960
17283420
17319465
17322538
17326485
17341290
17342635
17343697
17364235
17366998
17392500
17394498
17402350
17410536
17428000
17429580
17439970
17470390
17479300
17482000
17524354
17537625
17562384
17583930
17586279
17597943
17605350
17606232
17621500
17626225
17630262
17650215
17666424
17682480
17683992
17689225
17750380
17772475
17818218
17820648
17826822
17834593
17834692
17835948
17840128
17846950
17852040
17852098
17853255
17857260
17882914
17909950
17923437
17932500
17950225
17968243
17988642
18002250
18002997
18023733
18024435
18026752
18042880
18062100
18066726
18137470
18156249
18178524
18196024
18198675
18202270
18206500
18208750
18214623
18222079
18237843
18238450
18239760
18250776
18254160
18257926
18260550
18260685
18261936
18268920
18280750
18315625
18317520
18356440
18359865
18397440
18398520
18408712
18412600
18423792
18427248
18439996
18453595
18460548
18466992
18492669
18492804
18517351
18519880
18524749
18527314
18549720
18562720
18582120
18586525
18599139
18627615
18628344
18629208
18629644
18642195
18647023
18652536
18660262
18714280
18720153
18721305
18726057
18746721
18793260
18799762
18817249
18852295
18876726
18932580
18934362
18940383
18991282
18992763
18993316
19021090
19023543
19024650
19027750
19042740
19047280
19050250
19052352
19067728
19082700
19083240
19120500
19144822
19158930
19202850
19205550
19209190
19227964
19236280
19256580
19262587
19264531
19268500
19269837
19270620
19271700
19281564
19286064
19290438
19291909
19306584
19315768
19336284
19344276
19371352
19378480
19383210
19384596
19407276
19422900
19425478
19464237
19473228
19489833
19508350
19534954
19542820
19544085
19544341
19554277
19654330
19658200
19672258
19685232
19704694
19736257
19742935
19753461
19760494
19782553
19797250
19798020
19802520
19820610
19836324
19847025
19856272
19860246
19920654
19926504
20018502
20071867
20123896
20129683
20136784
20137594
20149690
20153875
20158060
20172802
20180569
20185420
20185942
20199663
20209464
20224840
20249590
20268378
20289937
20319565
20342920
20367360
20368570
20373624
20377498
20422980
20437668
20458435
20506248
20518204
20540911
20579350
20594700
20613870
20618325
20635398
20638750
20646738
20649325
20665840
20677185
20701957
20716965
20739100
20741935
20769453
20769853
20778835
20791660
20810601
20837376
20851740
20862400
20895736
20897536
20917840
20939571
20946438
21019986
21025939
21058420
21065044
21065296
21068100
21081951
21087396
21093390
21104550
21109374
21148798
21159270
21159387
21206542
21213940
21218575
21229740
21257154
21275046
21286800
21291790
21294729
21308260
21308994
21314560
21317395
21317998
21338316
21348571
21350466
21356275
21356370
21365572
21365820
21375000
21390660
21391564
21395290
21398868
21427983
21430575
21430656
21433896
21436780
21438670
21450546
21450600
21455280
21463182
21468096
21469360
21476830
21478365
21479004
21487680
21508600
21518167
21518640
21530448
21531640
21542400
21545500
21568050
21588408
21589380
21593740
21595387
21597210
21608590
21608860
21622837
21633979
21651480
21653464
21668328
21672850
21678052
21685180
21686548
21688384
21689437
21691737
21704359
21733690
21736615
21753000
21760398
21785400
21799692
21817939
21819334
21826548
21829356
21846352
21852495
21857080
21857733
21864006
21867813
21874387
21887014
21889642
21892585
21904330
21922384
21938220
21938917
21943192
21950694
21950757
21952840
21963924
21975075
21984210
21985470
21988435
21996850
22054900
22069894
22105876
22118764
22145904
22153945
22154899
22159413
22167832
22178065
22188564
22245664
22288896
22290147
22336524
22352400
22358826
22366498
22372168
22395613
22413510
22438975
22458640
22465768
22473526
22476550
22527895
22534137
22541674
22543240
22569480
22581468
22587840
22598194
22639432
22668520
22673196
22687600
22692798
22694350
22736880
22744800
22758934
22761810
22786560
22853866
22873608
22877140
22910490
22924368
22938970
22948177
22964274
22988812
23038146
23053590
23057424
23067760
23071149
23074488
23128839
23160735
23163975
23167300
23169370
23172039
23176440
23183797
23184945
23193864
23196258
23196825
23237190
23263488
23285790
23287176
23348776
23381316
23425240
23427432
23428678
23435892
23446912
23451246
23455026
23456146
23476162
23497510
23498874
23512990
23523700
23524141
23546875
23549485
23556978
23559466
23565978
23568750
23607360
23610964
23617930
23628186
23636452
23645538
23653750
23674428
23675400
23675800
23678968
23705896
23714275
23723973
23724688
23726592
23736240
23754361
23760940
23763474
23765395
23768316
23768397
23774058
23783616
23785564
23829376
23862145
23868315
23881270
23893168
23918805
23928745
23936278
23936566
23947650
23948316
23948784
23971684
24019555
24150649
24156405
24169459
24171520
24173640
24189750
24209680
24258690
24259900
24317500
24353784
24388897
24389320
24419560
24504880
24507112
24508350
24509376
24510600
24513790
24517287
24528708
24539170
24544800
24545475
24571480
24578680
24588544
24591460
24598750
24601806
24611080
24617520
24635191
24640528
24657358
24674832
24675840
24685956
24691329
24692800
24696832
24719625
24743628
24745518
24750198
24753190
24789636
24797088
24798154
24830806
24833466
24837696
24850980
24863980
24879154
24887160
24890166
24904656
24916815
24935850
24951910
24953688
24958791
24966238
24971530
24985750
24995551
25018420
25046892
25093845
25099645
25105000
25137130
25143795
25149388
25169287
25186630
25194370
25195932
25198740
25245936
25289473
25296480
25301727
25367440
25369780
25371346
25378074
25387636
25419496
25436880
25441983
25449678
25469644
25490101
25510000
25551436
25584174
25619940
25641000
25641400
25646544
25649208
25680312
25693978
25723174
25729812
25734514
25739140
25742934
25746880
25765740
25791120
25794328
25839616
25842096
25864398
25879500
25889400
25917160
25930795
25973428
25973865
25981348
25987635
25988080
26003488
26019873
26046472
26083314
26089713
26109864
26127544
26137408
26144955
26154184
26164336
26164719
26183376
26190450
26198073
26206384
26212410
26249728
26297824
26298918
26314164
26314245
26319897
26324190
26342590
26348791
26353750
26362498
26373600
26391870
26397184
26421430
26432640
26451373
26472168
26473635
26473711
26491311
26491765
26506147
26525704
26637336
26642560
26645760
26691385
26703400
26772624
26790912
26796384
26805240
26811310
26823280
26839800
26850384
26859375
26892324
26913348
26924008
26929179
26976838
26983696
26997750
27034560
27065736
27095530
27139986
27145750
27180904
27273717
27298075
27315868
27323536
27332640
27342648
27344808
27353650
27359370
27363744
27364864
27397750
27426240
27436468
27439366
27457816
27503298
27515133
27518935
27531868
27541480
27546808
27571824
27581692
27621891
27625455
27636624
27639040
27643198
27693864
27849519
27852448
27864936
27879390
27932800
27936040
27938560
27947178
27966154
27966834
27966942
27967585
27968832
27985360
27985986
27993645
27998275
28067634
28095975
28137856
28153660
28173600
28177380
28189768
28237360
28238544
28305319
28310296
28318725
28319800
28321830
28324750
28328476
28346724
28364800
28414476
28431450
28434960
28439928
28475460
28493550
28507450
28513696
28599174
28634584
28654155
28659334
28661490
28679904
28683760
28697746
28713870
28731640
28734750
28735600
28745950
28747836
28776384
28783975
28814368
28843456
28885135
28894135
28940076
28949350
28959120
28967400
28973718
28993432
28999314
29031957
29057350
29067948
29108970
29123568
29130750
29146972
29156994
29158960
29159964
29163744
29237017
29324988
29336224
29341858
29354206
29354368
29357118
29363710
29371648
29375370
29392960
29407455
29417620
29438640
29438955
29447860
29453125
29463826
29468650
29485975
29486875
29487766
29493805
29517034
29561454
29670480
29678530
29697030
29726032
29739208
29739550
29743380
29746300
29747538
29764705
29831085
29847465
29864718
29910384
29943675
30118738
30178264
30178647
30183790
30185622
30185946
30187930
30188362
30189721
30341596
30356050
30362395
30368916
30369559
30381660
30413718
30518590
30718300
30792384
30814465
30815802
30823947
30841965
30848364
30856950
30857940
30889476
30895425
30901486
30921660
30941950
30971920
30976213
31027414
31058554
31058559
31066812
31209750
31239720
31249872
31253746
31267885
31268848
31326876
31345695
31374850
31412920
31425736
31427190
31429660
31452160
31474170
31474300
31477270
31489366
31496440
31499725
31509000
31549000
31569286
31594860
31599850
31608675
31646794
31659520
31659732
31676832
31686084
31694350
31694935
31699228
31716472
31742518
31749340
31750879
31752382
31764748
31774270
31775292
31785606
31794624
31806814
31828081
31859572
31868320
31874193
31880646
31886023
31892575
31898853
31923468
31924264
31924480
31934650
31941805
31947916
31948344
31950126
31965804
31967275
31967424
31980627
31995810
32019480
32019867
32149480
32165419
32184283
32196528
32199435
32214672
32255496
32280484
32294880
32329440
32399680
32426892
32479816
32499918
32533816
32537875
32549328
32557860
32569150
32584914
32594688
32596438
32610915
32631984
32649876
32679360
32682496
32683495
32692104
32740488
32756472
32775840
32784466
32841900
32847786
32851984
32867874
32869494
32886400
32887395
32898474
32923584
32925384
32931868
32933488
32935617
32945656
32946714
32998180
33042856
33059650
33129882
33132960
33159294
33159685
33179368
33187495
33225246
33236154
33361839
33394680
33416955
33417940
33475680
33486390
33518299
33619500
33649897
33652224
33656472
33657745
33657894
33669108
33674971
33691239
33715264
33744568
33760845
33774925
33786580
33896250
33905650
33918394
33940260
33956325
33961158
33976345
33983608
34016517
34064784
34075665
34079170
34084575
34084768
34086937
34096428
34117920
34117960
34128400
34142188
34161930
34165786
34177450
34177648
34192764
34196170
34284766
34296714
34317918
34437964
34512660
34514662
34536226
34547679
34562740
34569130
34583760
34588125
34596427
34605688
34615642
34619805
34635375
34646535
34651575
34665696
34672500
34681504
34687912
34691755
34695760
34696318
34734739
34751740
34754800
34764970
34765618
34767040
34774317
34780095
34789180
34791300
34812414
34853400
34855695
34856640
34865397
34867710
34945740
34945960
34950478
34966557
34974850
34978680
35018973
35066115
35068576
35096670
35149869
35156394
35164480
35169390
35186359
35198140
35247739
35289315
35296600
35389750
35408875
35440897
35458470
35497539
35539465
35542678
35602186
35608936
35609476
35664912
35678416
35697442
35719560
35779450
35794129
35801662
35841897
35842950
35847265
35891320
35899600
35909775
36088492
36089550
36105174
36128745
36138960
36159129
36169920
36175405
36177453
36181530
36195174
36198414
36205785
36252198
36275004
36275296
36294768
36312844
36345820
36357250
36374184
36392557
36420448
36457614
36457960
36459117
36478336
36484150
36486472
36515830
36529438
36537480
36554665
36582750
36587340
36591178
36781420
36786442
36788431
36791595
36798493
36799240
36801544
36820840
36835740
36852997
36855400
36878400
36887040
36891927
36894550
36895513
36939123
36948870
36951516
36953784
36994320
37016154
37021657
37045435
37056492
37066410
37104520
37106752
37125499
37155915
37158930
37165518
37199749
37225048
37274980
37405768
37468948
37476801
37483996
37484572
37510510
37515600
37545160
37561500
37574131
37589611
37598017
37636488
37659748
37675008
37679413
37693291
37699200
37765120
37784799
37792089
37798425
37801489
37801525
37805985
37816384
37840140
37840198
37840950
37843542
37883664
37965312
38027740
38093224
38095024
38142819
38164450
38175340
38182945
38194240
38196945
38388240
38392114
38416752
38447068
38486371
38489517
38492500
38526840
38566710
38629458
38642958
38675439
38684142
38697592
38697984
38735284
38774943
38779497
38847055
38894278
38945610
38948170
38954560
38978374
38985664
39001468
39040177
39057840
39064855
39084700
39127954
39167892
39184983
39201475
39204126
39251871
39254400
39267256
39288240
39324600
39327511
39401635
39413542
39418546
39445690
39449407
39463272
39470130
39491707
39503475
39528247
39544119
39547228
39567285
39596040
39620574
39623544
39624408
39644212
39654850
39674520
39681040
39724825
39725640
39742411
39748500
39784000
39825400
39854290
39859470
39875143
39904812
40126671
40158724
40166275
40197753
40275648
40359375
40361980
40489920
40493200
40494168
40495198
40495950
40536936
40549968
40556776
40687155
40749268
40751977
40774369
40839840
40850397
40885312
40941355
40945905
41034924
41039460
41075550
41086930
41095530
41178550
41255748
41259190
41259460
41279269
41286096
41294088
41299951
41309842
41346760
41357970
41368392
41379867
41386950
41397741
41425978
41449009
41507986
41536476
41539680
41543892
41557500
41559367
41570622
41592496
41606500
41674396
41675031
41681052
41695744
41738368
41747580
41765562
41775952
41777257
41778922
41785920
41797665
41842593
41875987
41897007
41915385
41925186
41925532
41925856
41928700
41956915
41979208
41984568
41995341
42011856
42036939
42145393
42188571
42253618
42386967
42517782
42537172
42552904
42573397
42590628
42591604
42595780
42613258
42619032
42619063
42619450
42632860
42639286
42674931
42756880
42789456
42853500
42864975
42901857
42938464
42941173
42966288
42974352
42981840
43037568
43079850
43096117
43147795
43150689
43185730
43197394
43237579
43271851
43276680
43287939
43393279
43461972
43471993
43498219
43651840
43687512
43695981
43718580
43726896
43862260
43918785
43924846
43928586
43956450
43958200
43959820
43973050
44251758
44269960
44297500
44351793
44528935
44539285
44577598
44676000
44679240
44699166
44751600
44856792
44909680
44958960
44985825
44995500
44996926
45065475
45068800
45091746
45147933
45185872
45186984
45188298
45193383
45271966
45273226
45273865
45276250
45319950
45336280
45360720
45373126
45377284
45391585
45399172
45467019
45476064
45583317
45606528
45648972
45673420
45690795
45691789
45731650
45813586
45815625
45819180
45824350
45841950
45847296
45863172
45891220
45896305
45917028
45921964
45928750
45962824
46017670
46019520
46071225
46079968
46127250
46267200
46271052
46327918
46364998
46382791
46418589
46432764
46483920
46487196
46508800
46598400
46598800
46598890
46658128
46687288
46727325
46729458
46733170
46741288
46786432
46847920
46853500
46897452
46948720
46972750
46974213
47025328
47038756
47078950
47099533
47158240
47192706
47197206
47199532
47264080
47297668
47312685
47317630
47318152
47318620
47355880
47407360
47461050
47485350
47508619
47515248
47516728
47534850
47566129
47569882
47589300
47589768
47712366
47756700
47766712
47794176
47795265
47843518
47849152
47851848
47859862
47879365
47881930
47899665
47964037
47995528
48085326
48095280
48151278
48176145
48199536
48215893
48281575
48350592
48357850
48512398
48513780
48514950
48549280
48567334
48571290
48590950
48595140
48615988
48633957
48645972
48670960
48725698
48761158
48819672
48853597
48914590
48985375
48986005
49017600
49027680
49037157
49047916
49051264
49115880
49132525
49155678
49191853
49195894
49197987
49198752
49248580
49267728
49289760
49293756
49337617
49380615
49495050
49500688
49532800
49595035
49605952
49651150
49659232
49685040
49698054
49711662
49772650
49786555
49786560
49805280
49867236
49895050
50186835
50273860
50488996
50581795
50683176
50728648
50738688
50789106
50868400
50896125
50937867
51064389
51068709
51069730
51089260
51089269
51094435
51096339
51160995
51187693
51208605
51259635
51261808
51261970
51287665
51291625
51296814
51297372
51297750
51341962
51480625
51492753
51492825
51504921
51529950
51590430
51590700
51594502
51619275
51667875
51671920
51680799
51688390
51749280
51755935
51759000
51760962
51772140
51776680
51794680
51826306
51868975
51875928
51877980
51882930
51894364
51899526
51907392
51930886
51936880
51940525
51965914
51974500
51975634
51976120
52039746
52117375
52168000
52173994
52306875
52323979
52357396
52364875
52447896
52509874
52510648
52579840
52679200
52684996
52690680
52719975
52759840
52769574
52779325
52794468
52807950
52816050
52863313
52908165
52915720
52970157
53037900
53129700
53159989
53195989
53199468
53297608
53369280
53387491
53468761
53596800
53644864
53663148
53678794
53681080
53687920
53716923
53769298
53787694
53826106
53841676
53860671
53907840
53919472
53955715
54019975
54093280
54229680
54276880
54297864
54339862
54369715
54369792
54419328
54479835
54653980
54667318
54674248
54699916
54794632
54798975
54826632
54861372
54901840
54913185
54918067
54976500
55199380
55294708
55294798
55345968
55391908
55398645
55598400
55612480
55681065
55689790
55816740
55896817
55941696
55964128
55974370
56129076
56145798
56168280
56190420
56195590
56295000
56296638
56384950
56463718
56544930
56568960
56588917
56598750
56608159
56716897
56793438
56795904
56801862
56808976
56812770
56857860
56871360
56879680
56892775
56893738
56902378
56912152
56955964
56972668
56978280
57061840
57160800
57161929
57182620
57196980
57201408
57241080
57256875
57261991
57287160
57316248
57376800
57395695
57481600
57561273
57652870
57668724
57761280
57765150
57767418
57789076
57816940
57842680
57861612
57891105
57999825
58026298
58061830
58066920
58139662
58176648
58177408
58184640
58212967
58218660
58263196
58468720
58546912
58594846
58636944
58661820
58663944
58686250
58697379
58703472
58720950
58867600
58921060
58939884
59016078
59194597
59210680
59264905
59307664
59365215
59378215
59394060
59446836
59476225
59484730
59588460
59601168
59629275
59647068
59657818
59664208
59691037
59771065
59806390
59816790
59826915
59887719
59908765
60157084
60159253
60169086
60188850
60191365
60197719
60217911
60219360
60230578
60284898
60291715
60375825
60397641
60635920
60726928
60855790
60906784
60933159
60987190
61058758
61087950
61107970
61158739
61163959
61179300
61187800
61253788
61259800
61271964
61295616
61296430
61305678
61342897
61360780
61364965
61383379
61471917
61489935
61496352
61496500
61509474
61583278
61587378
61589290
61590474
61612992
61642782
61701880
61717914
61739172
61787520
61852698
61874095
61874595
61895790
61970832
61974913
61992265
61995541
62017830
62079147
62107821
62159944
62172810
62293675
62347936
62375800
62465976
62467960
62469135
62578894
62739864
62761797
62787919
62847274
62875890
62893017
62970880
62972248
63097825
63188995
63224788
63261891
63278140
63287500
63419917
63649872
63691078
63701874
63753480
63787648
63851746
63858784
63884992
63926460
63929250
63938160
63945738
63962460
63963508
63981760
64167952
64187550
64287985
64431985
64529298
64562998
64598625
64671687
64717096
64737864
64742976
64781293
64879375
64913764
64957828
64963800
65195248
65217865
65269818
65396380
65437785
65447856
65516872
65519860
65564928
65674980
65677392
65681784
65698375
65793807
65798680
65819578
65867197
65868795
65873920
65879775
65933788
65942968
66278920
66479728
66591900
66787600
66791835
67018428
67089937
67090954
67095904
67129969
67149000
67194400
67249102
67295488
67382928
67578880
67619043
67692960
67889200
67898052
67910445
67938412
67978750
67981725
67988992
67991035
68019709
68097190
68128384
68147968
68267952
68392750
68399239
68569920
68619577
68637780
68674738
68712934
68732878
68733499
68774188
68776960
68791900
68807520
68874124
68877760
68913684
68974780
69017080
69149596
69174175
69245730
69271200
69274975
69293070
69337768
69359724
69373678
69413760
69429717
69593728
69671398
69687580
69701170
69724800
69738804
69739857
69762510
69778165
69789370
69873840
69895075
69907684
69981079
70174962
70224588
70475391
70691283
70820896
70915464
70928640
70978995
70992873
71029408
71049600
71069350
71092890
71199000
71268799
71270946
71387694
71395636
71396770
71469450
71527297
71618872
71649081
71673493
71782848
71799070
71890335
71892598
71893714
71910990
71920890
71977405
71983912
71998168
72099688
72369760
72388750
72494248
72547398
72879930
72891364
72919350
73187955
73199556
73203669
73238926
73410939
73484739
73747989
73895940
73921887
73940688
74199645
74398680
74420928
74557818
74557980
74771599
74884738
74955780
74964708
74995312
74995470
75019896
75188592
75190914
75294688
75296875
75462880
75698428
75698680
75818664
75869640
75937950
75990964
76181976
76389120
76391392
76498992
76629820
76763880
76798480
76877815
76903848
77119497
77329939
77880496
77969952
78188814
78190060
78195960
78196450
78289672
78298717
78447289
78469240
78588189
78615094
78795850
78805912
78975000
78980850
79083355
79088310
79128657
79168819
79192080
79348045
79381741
79388091
79680960
79813152
79816608
79836025
79851136
79859128
79866922
79868200
79968915
80172976
80181981
80198779
80297127
80361981
80497264
80499357
80569395
80662972
80792950
80915940
80961412
80990199
80993700
81193671
81249795
81249876
81273964
81290835
81313299
81469066
81536890
81559840
81739588
81919552
81930870
81948640
81965943
81984892
81992911
81996736
82196950
82199250
82239183
82398190
82489716
82739817
82797925
82937439
82950768
82985760
83119297
83190946
83195874
83696935
83756938
83764912
83912760
83926750
84091945
84372966
84479598
84497656
84589960
84957570
84958600
84996184
85109958
85594900
85799236
85916934
85995130
85996800
86139495
86591974
86792944
86794092
86935792
86987808
87092496
87159960
87291985
87698880
89091090
89193897
89598460
89901900
89904672
89909190
89911255
90154989
90691447
90917995
90937174
90946876
91095588
91695420
91699551
91794550
91950678
92591725
92864952
92916481
92988364
93579381
93698500
94298760
94357998
94619952
94729680
94765198
94765918
95438970
95879295
95999260
96098800
96399072
96977920
